# Time (ps)	MSD (nm^2)
1.000000	0.000000
2.000000	0.005355
3.000000	0.007958
4.000000	0.009149
5.000000	0.010080
6.000000	0.011668
7.000000	0.013158
8.000000	0.015247
9.000000	0.016074
10.000000	0.015982
11.000000	0.016962
12.000000	0.017020
13.000000	0.018358
14.000000	0.019591
15.000000	0.021310
16.000000	0.021697
17.000000	0.022502
18.000000	0.023006
19.000000	0.022903
20.000000	0.023588
21.000000	0.024894
22.000000	0.026036
23.000000	0.026835
24.000000	0.027495
25.000000	0.027165
26.000000	0.027024
27.000000	0.028112
28.000000	0.030242
29.000000	0.031791
30.000000	0.032469
31.000000	0.034124
32.000000	0.033429
33.000000	0.033953
34.000000	0.034010
35.000000	0.034884
36.000000	0.035631
37.000000	0.037179
38.000000	0.037630
39.000000	0.039932
40.000000	0.040023
41.000000	0.040625
42.000000	0.042769
43.000000	0.042242
44.000000	0.043414
45.000000	0.041815
46.000000	0.042873
47.000000	0.043684
48.000000	0.044262
49.000000	0.045958
50.000000	0.045780
51.000000	0.046946
52.000000	0.047724
53.000000	0.049224
54.000000	0.049970
55.000000	0.049291
56.000000	0.049411
57.000000	0.049046
58.000000	0.051357
59.000000	0.052228
60.000000	0.051858
61.000000	0.051725
62.000000	0.053578
63.000000	0.053487
64.000000	0.054651
65.000000	0.055166
66.000000	0.055235
67.000000	0.055491
68.000000	0.055320
69.000000	0.056612
70.000000	0.058283
71.000000	0.059010
72.000000	0.058682
73.000000	0.057419
74.000000	0.058026
75.000000	0.059174
76.000000	0.061190
77.000000	0.061582
78.000000	0.060603
79.000000	0.060370
80.000000	0.061831
81.000000	0.063572
82.000000	0.063773
83.000000	0.066280
84.000000	0.066110
85.000000	0.066822
86.000000	0.067007
87.000000	0.068176
88.000000	0.066019
89.000000	0.066522
90.000000	0.067961
91.000000	0.069163
92.000000	0.069505
93.000000	0.070290
94.000000	0.072358
95.000000	0.072470
96.000000	0.074220
97.000000	0.075369
98.000000	0.074155
99.000000	0.074095
100.000000	0.075185
101.000000	0.075431
102.000000	0.077278
103.000000	0.077209
104.000000	0.076010
105.000000	0.079147
106.000000	0.079120
107.000000	0.080322
108.000000	0.080291
109.000000	0.080453
110.000000	0.079511
111.000000	0.079946
112.000000	0.079961
113.000000	0.080413
114.000000	0.081517
115.000000	0.081077
116.000000	0.082466
117.000000	0.084737
118.000000	0.084230
119.000000	0.085211
120.000000	0.087438
121.000000	0.086214
122.000000	0.087061
123.000000	0.090207
124.000000	0.089827
125.000000	0.091099
126.000000	0.091030
127.000000	0.090473
128.000000	0.091853
129.000000	0.090731
130.000000	0.090030
131.000000	0.089721
132.000000	0.090786
133.000000	0.091599
134.000000	0.095342
135.000000	0.096692
136.000000	0.097826
137.000000	0.098918
138.000000	0.100320
139.000000	0.102099
140.000000	0.103551
141.000000	0.102027
142.000000	0.103246
143.000000	0.103729
144.000000	0.103726
145.000000	0.103365
146.000000	0.103241
147.000000	0.104506
148.000000	0.104727
149.000000	0.105748
150.000000	0.105497
151.000000	0.106732
152.000000	0.109189
153.000000	0.109932
154.000000	0.111432
155.000000	0.110872
156.000000	0.111113
157.000000	0.110497
158.000000	0.110792
159.000000	0.112974
160.000000	0.114098
161.000000	0.113659
162.000000	0.116903
163.000000	0.116512
164.000000	0.115908
165.000000	0.118623
166.000000	0.115332
167.000000	0.115339
168.000000	0.116471
169.000000	0.119237
170.000000	0.119240
171.000000	0.120228
172.000000	0.122181
173.000000	0.123613
174.000000	0.123115
175.000000	0.124826
176.000000	0.122504
177.000000	0.123955
178.000000	0.124076
179.000000	0.125751
180.000000	0.126714
181.000000	0.124610
182.000000	0.124493
183.000000	0.126090
184.000000	0.127253
185.000000	0.126393
186.000000	0.124938
187.000000	0.127427
188.000000	0.129045
189.000000	0.128612
190.000000	0.129251
191.000000	0.131464
192.000000	0.131312
193.000000	0.133447
194.000000	0.133029
195.000000	0.134428
196.000000	0.134550
197.000000	0.135266
198.000000	0.133987
199.000000	0.136845
200.000000	0.137891
201.000000	0.139882
202.000000	0.136284
203.000000	0.137023
204.000000	0.137682
205.000000	0.138852
206.000000	0.139818
207.000000	0.139456
208.000000	0.140658
209.000000	0.141776
210.000000	0.145478
211.000000	0.146995
212.000000	0.150285
213.000000	0.150394
214.000000	0.149657
215.000000	0.147814
216.000000	0.150869
217.000000	0.152594
218.000000	0.153318
219.000000	0.153255
220.000000	0.153738
221.000000	0.154899
222.000000	0.158857
223.000000	0.159639
224.000000	0.160246
225.000000	0.161658
226.000000	0.161296
227.000000	0.160498
228.000000	0.161706
229.000000	0.163529
230.000000	0.162739
231.000000	0.165841
232.000000	0.166543
233.000000	0.169866
234.000000	0.170755
235.000000	0.170052
236.000000	0.171659
237.000000	0.168508
238.000000	0.167087
239.000000	0.168016
240.000000	0.171647
241.000000	0.172652
242.000000	0.174992
243.000000	0.177255
244.000000	0.179516
245.000000	0.178914
246.000000	0.181763
247.000000	0.179213
248.000000	0.178277
249.000000	0.181305
250.000000	0.182314
251.000000	0.187141
252.000000	0.187587
253.000000	0.188233
254.000000	0.187258
255.000000	0.189402
256.000000	0.189122
257.000000	0.189562
258.000000	0.192541
259.000000	0.193618
260.000000	0.191804
261.000000	0.191654
262.000000	0.194009
263.000000	0.196030
264.000000	0.197369
265.000000	0.196993
266.000000	0.198236
267.000000	0.199478
268.000000	0.198201
269.000000	0.198756
270.000000	0.197133
271.000000	0.200038
272.000000	0.204020
273.000000	0.204187
274.000000	0.204003
275.000000	0.204384
276.000000	0.206260
277.000000	0.207465
278.000000	0.213180
279.000000	0.212765
280.000000	0.212714
281.000000	0.212693
282.000000	0.211348
283.000000	0.208276
284.000000	0.209633
285.000000	0.212011
286.000000	0.215454
287.000000	0.216215
288.000000	0.218016
289.000000	0.220278
290.000000	0.221805
291.000000	0.223583
292.000000	0.222691
293.000000	0.223840
294.000000	0.223947
295.000000	0.225229
296.000000	0.225960
297.000000	0.225806
298.000000	0.223172
299.000000	0.224324
300.000000	0.225304
301.000000	0.225294
302.000000	0.221854
303.000000	0.220968
304.000000	0.223034
305.000000	0.227022
306.000000	0.227878
307.000000	0.227986
308.000000	0.230422
309.000000	0.231550
310.000000	0.232458
311.000000	0.235050
312.000000	0.233893
313.000000	0.235064
314.000000	0.236780
315.000000	0.236899
316.000000	0.239426
317.000000	0.239918
318.000000	0.240190
319.000000	0.243924
320.000000	0.244637
321.000000	0.245989
322.000000	0.246619
323.000000	0.248983
324.000000	0.248556
325.000000	0.247949
326.000000	0.248660
327.000000	0.245069
328.000000	0.246632
329.000000	0.248778
330.000000	0.249316
331.000000	0.248584
332.000000	0.250353
333.000000	0.251859
334.000000	0.251335
335.000000	0.253926
336.000000	0.254166
337.000000	0.254379
338.000000	0.256809
339.000000	0.256192
340.000000	0.255256
341.000000	0.254392
342.000000	0.254782
343.000000	0.259649
344.000000	0.260412
345.000000	0.258278
346.000000	0.258682
347.000000	0.256980
348.000000	0.261257
349.000000	0.262304
350.000000	0.262024
351.000000	0.265378
352.000000	0.265157
353.000000	0.261231
354.000000	0.260543
355.000000	0.267364
356.000000	0.273698
357.000000	0.272076
358.000000	0.274617
359.000000	0.274616
360.000000	0.275489
361.000000	0.278194
362.000000	0.278960
363.000000	0.279098
364.000000	0.277650
365.000000	0.278618
366.000000	0.279977
367.000000	0.278023
368.000000	0.278096
369.000000	0.279355
370.000000	0.281690
371.000000	0.282082
372.000000	0.283084
373.000000	0.286964
374.000000	0.286268
375.000000	0.286281
376.000000	0.288590
377.000000	0.290292
378.000000	0.293102
379.000000	0.290301
380.000000	0.291811
381.000000	0.293127
382.000000	0.292676
383.000000	0.291919
384.000000	0.295855
385.000000	0.297118
386.000000	0.295595
387.000000	0.298071
388.000000	0.298610
389.000000	0.301004
390.000000	0.297042
391.000000	0.297521
392.000000	0.299608
393.000000	0.301198
394.000000	0.302030
395.000000	0.304227
396.000000	0.305659
397.000000	0.305373
398.000000	0.311611
399.000000	0.310439
400.000000	0.314749
401.000000	0.313100
402.000000	0.312002
403.000000	0.312534
404.000000	0.315655
405.000000	0.317839
406.000000	0.320526
407.000000	0.316338
408.000000	0.315937
409.000000	0.319156
410.000000	0.320001
411.000000	0.323070
412.000000	0.322075
413.000000	0.321792
414.000000	0.321962
415.000000	0.323686
416.000000	0.325071
417.000000	0.320880
418.000000	0.321267
419.000000	0.322045
420.000000	0.322945
421.000000	0.322745
422.000000	0.327933
423.000000	0.327489
424.000000	0.334284
425.000000	0.334202
426.000000	0.334744
427.000000	0.334897
428.000000	0.340754
429.000000	0.340923
430.000000	0.340905
431.000000	0.338758
432.000000	0.336499
433.000000	0.340052
434.000000	0.338851
435.000000	0.344320
436.000000	0.344137
437.000000	0.343094
438.000000	0.340232
439.000000	0.343534
440.000000	0.342863
441.000000	0.347337
442.000000	0.347418
443.000000	0.343661
444.000000	0.348906
445.000000	0.346321
446.000000	0.348462
447.000000	0.347268
448.000000	0.349625
449.000000	0.348220
450.000000	0.351741
451.000000	0.353355
452.000000	0.353165
453.000000	0.357097
454.000000	0.358073
455.000000	0.357140
456.000000	0.360656
457.000000	0.361853
458.000000	0.360794
459.000000	0.364050
460.000000	0.362096
461.000000	0.366451
462.000000	0.366635
463.000000	0.362968
464.000000	0.365208
465.000000	0.362768
466.000000	0.362974
467.000000	0.370236
468.000000	0.370116
469.000000	0.370241
470.000000	0.372655
471.000000	0.368561
472.000000	0.368276
473.000000	0.370804
474.000000	0.367308
475.000000	0.368415
476.000000	0.364746
477.000000	0.365578
478.000000	0.362269
479.000000	0.359874
480.000000	0.360836
481.000000	0.366315
482.000000	0.365426
483.000000	0.363851
484.000000	0.365558
485.000000	0.365630
486.000000	0.368055
487.000000	0.372046
488.000000	0.375189
489.000000	0.375148
490.000000	0.373053
491.000000	0.373299
492.000000	0.373640
493.000000	0.374634
494.000000	0.376270
495.000000	0.378260
496.000000	0.376840
497.000000	0.376593
498.000000	0.378888
499.000000	0.379642
500.000000	0.379339
501.000000	0.380971
502.000000	0.383001
503.000000	0.382243
504.000000	0.383132
505.000000	0.382128
506.000000	0.383326
507.000000	0.381566
508.000000	0.381871
509.000000	0.381541
510.000000	0.381402
511.000000	0.383704
512.000000	0.383854
513.000000	0.380213
514.000000	0.380360
515.000000	0.383832
516.000000	0.386512
517.000000	0.387199
518.000000	0.393546
519.000000	0.397091
520.000000	0.401346
521.000000	0.397479
522.000000	0.391795
523.000000	0.384983
524.000000	0.387795
525.000000	0.388110
526.000000	0.393616
527.000000	0.392538
528.000000	0.393218
529.000000	0.395941
530.000000	0.395435
531.000000	0.393463
532.000000	0.392540
533.000000	0.392520
534.000000	0.399438
535.000000	0.400128
536.000000	0.400233
537.000000	0.403564
538.000000	0.406113
539.000000	0.402951
540.000000	0.408556
541.000000	0.409305
542.000000	0.405668
543.000000	0.405726
544.000000	0.407914
545.000000	0.408875
546.000000	0.407546
547.000000	0.406288
548.000000	0.403174
549.000000	0.404344
550.000000	0.405285
551.000000	0.407811
552.000000	0.409128
553.000000	0.409561
554.000000	0.407498
555.000000	0.407656
556.000000	0.407868
557.000000	0.407602
558.000000	0.405093
559.000000	0.405092
560.000000	0.404419
561.000000	0.406830
562.000000	0.406776
563.000000	0.404038
564.000000	0.402756
565.000000	0.405687
566.000000	0.403244
567.000000	0.405152
568.000000	0.406525
569.000000	0.408453
570.000000	0.408687
571.000000	0.411067
572.000000	0.414353
573.000000	0.414790
574.000000	0.411436
575.000000	0.416319
576.000000	0.417700
577.000000	0.417506
578.000000	0.417838
579.000000	0.416148
580.000000	0.416814
581.000000	0.414196
582.000000	0.413861
583.000000	0.419126
584.000000	0.421902
585.000000	0.422802
586.000000	0.423223
587.000000	0.420234
588.000000	0.418129
589.000000	0.417669
590.000000	0.415614
591.000000	0.415348
592.000000	0.415277
593.000000	0.418171
594.000000	0.414597
595.000000	0.417771
596.000000	0.424592
597.000000	0.422440
598.000000	0.423312
599.000000	0.422592
600.000000	0.426391
601.000000	0.428625
602.000000	0.433306
603.000000	0.429427
604.000000	0.431009
605.000000	0.433430
606.000000	0.433127
607.000000	0.435136
608.000000	0.438290
609.000000	0.435847
610.000000	0.439547
611.000000	0.441397
612.000000	0.443899
613.000000	0.442653
614.000000	0.442417
615.000000	0.443809
616.000000	0.446497
617.000000	0.445047
618.000000	0.446006
619.000000	0.447721
620.000000	0.448293
621.000000	0.448352
622.000000	0.445366
623.000000	0.443164
624.000000	0.446877
625.000000	0.448486
626.000000	0.451496
627.000000	0.453231
628.000000	0.451461
629.000000	0.450456
630.000000	0.454030
631.000000	0.454452
632.000000	0.454455
633.000000	0.456428
634.000000	0.456171
635.000000	0.457178
636.000000	0.456783
637.000000	0.457333
638.000000	0.454161
639.000000	0.455793
640.000000	0.454501
641.000000	0.450954
642.000000	0.449758
643.000000	0.451889
644.000000	0.453090
645.000000	0.450478
646.000000	0.453545
647.000000	0.456880
648.000000	0.451935
649.000000	0.454922
650.000000	0.452511
651.000000	0.452836
652.000000	0.453068
653.000000	0.457499
654.000000	0.460437
655.000000	0.458787
656.000000	0.457096
657.000000	0.461942
658.000000	0.461973
659.000000	0.459138
660.000000	0.464661
661.000000	0.463720
662.000000	0.466761
663.000000	0.468471
664.000000	0.468500
665.000000	0.467184
666.000000	0.468116
667.000000	0.469998
668.000000	0.467254
669.000000	0.465994
670.000000	0.469601
671.000000	0.474102
672.000000	0.473248
673.000000	0.472522
674.000000	0.472967
675.000000	0.467307
676.000000	0.466380
677.000000	0.469671
678.000000	0.475781
679.000000	0.474601
680.000000	0.475028
681.000000	0.475096
682.000000	0.480938
683.000000	0.481705
684.000000	0.480792
685.000000	0.484398
686.000000	0.483905
687.000000	0.483399
688.000000	0.485571
689.000000	0.489011
690.000000	0.491419
691.000000	0.486677
692.000000	0.486526
693.000000	0.489777
694.000000	0.489095
695.000000	0.487190
696.000000	0.487597
697.000000	0.487175
698.000000	0.488149
699.000000	0.490042
700.000000	0.489649
701.000000	0.488016
702.000000	0.491095
703.000000	0.490785
704.000000	0.493536
705.000000	0.495317
706.000000	0.499687
707.000000	0.499283
708.000000	0.504880
709.000000	0.508956
710.000000	0.506781
711.000000	0.501263
712.000000	0.503220
713.000000	0.502243
714.000000	0.505520
715.000000	0.505674
716.000000	0.509050
717.000000	0.507485
718.000000	0.514848
719.000000	0.513072
720.000000	0.507949
721.000000	0.506826
722.000000	0.508458
723.000000	0.512476
724.000000	0.512985
725.000000	0.512310
726.000000	0.514300
727.000000	0.518528
728.000000	0.519588
729.000000	0.519417
730.000000	0.515727
731.000000	0.515363
732.000000	0.518770
733.000000	0.517308
734.000000	0.513784
735.000000	0.516136
736.000000	0.516043
737.000000	0.518019
738.000000	0.515058
739.000000	0.511282
740.000000	0.516378
741.000000	0.520200
742.000000	0.522037
743.000000	0.520731
744.000000	0.516262
745.000000	0.516546
746.000000	0.516615
747.000000	0.517358
748.000000	0.515849
749.000000	0.516313
750.000000	0.515972
751.000000	0.513458
752.000000	0.515061
753.000000	0.512700
754.000000	0.514884
755.000000	0.517070
756.000000	0.516422
757.000000	0.518411
758.000000	0.520755
759.000000	0.520921
760.000000	0.521715
761.000000	0.518546
762.000000	0.520512
763.000000	0.519105
764.000000	0.519196
765.000000	0.517769
766.000000	0.521939
767.000000	0.521869
768.000000	0.521437
769.000000	0.520122
770.000000	0.521504
771.000000	0.526988
772.000000	0.524457
773.000000	0.521350
774.000000	0.519174
775.000000	0.519264
776.000000	0.514485
777.000000	0.516649
778.000000	0.521951
779.000000	0.519707
780.000000	0.521827
781.000000	0.520300
782.000000	0.526964
783.000000	0.527052
784.000000	0.527286
785.000000	0.524811
786.000000	0.524829
787.000000	0.526175
788.000000	0.522519
789.000000	0.522700
790.000000	0.520496
791.000000	0.520216
792.000000	0.519119
793.000000	0.521038
794.000000	0.521214
795.000000	0.527695
796.000000	0.526719
797.000000	0.525659
798.000000	0.527655
799.000000	0.533185
800.000000	0.533596
801.000000	0.535349
802.000000	0.538868
803.000000	0.535642
804.000000	0.536622
805.000000	0.534757
806.000000	0.535030
807.000000	0.530900
808.000000	0.537219
809.000000	0.537094
810.000000	0.540002
811.000000	0.542852
812.000000	0.544113
813.000000	0.541524
814.000000	0.543786
815.000000	0.539671
816.000000	0.538504
817.000000	0.535610
818.000000	0.539474
819.000000	0.537879
820.000000	0.541551
821.000000	0.542223
822.000000	0.539789
823.000000	0.540042
824.000000	0.542092
825.000000	0.545244
826.000000	0.545439
827.000000	0.543651
828.000000	0.540599
829.000000	0.538415
830.000000	0.542550
831.000000	0.545039
832.000000	0.547283
833.000000	0.544884
834.000000	0.547896
835.000000	0.546864
836.000000	0.549067
837.000000	0.546398
838.000000	0.542502
839.000000	0.541215
840.000000	0.540174
841.000000	0.543285
842.000000	0.541634
843.000000	0.545108
844.000000	0.545973
845.000000	0.552015
846.000000	0.548289
847.000000	0.549165
848.000000	0.547997
849.000000	0.544791
850.000000	0.543911
851.000000	0.546693
852.000000	0.545664
853.000000	0.546080
854.000000	0.548711
855.000000	0.549363
856.000000	0.553053
857.000000	0.555215
858.000000	0.556295
859.000000	0.555358
860.000000	0.557694
861.000000	0.553384
862.000000	0.553494
863.000000	0.554408
864.000000	0.555617
865.000000	0.556247
866.000000	0.555825
867.000000	0.555959
868.000000	0.555833
869.000000	0.553764
870.000000	0.551584
871.000000	0.559417
872.000000	0.559598
873.000000	0.561357
874.000000	0.567262
875.000000	0.562041
876.000000	0.561872
877.000000	0.565949
878.000000	0.568695
879.000000	0.572080
880.000000	0.567203
881.000000	0.568113
882.000000	0.568471
883.000000	0.573042
884.000000	0.576441
885.000000	0.577715
886.000000	0.575202
887.000000	0.578406
888.000000	0.574396
889.000000	0.573960
890.000000	0.572773
891.000000	0.578201
892.000000	0.577424
893.000000	0.575345
894.000000	0.574843
895.000000	0.575747
896.000000	0.583364
897.000000	0.576691
898.000000	0.583583
899.000000	0.581730
900.000000	0.582323
901.000000	0.584390
902.000000	0.580817
903.000000	0.582513
904.000000	0.587958
905.000000	0.590412
906.000000	0.591970
907.000000	0.591817
908.000000	0.591662
909.000000	0.586597
910.000000	0.585272
911.000000	0.586779
912.000000	0.589069
913.000000	0.585714
914.000000	0.585391
915.000000	0.585682
916.000000	0.585972
917.000000	0.586916
918.000000	0.584330
919.000000	0.585202
920.000000	0.583169
921.000000	0.581794
922.000000	0.585334
923.000000	0.585835
924.000000	0.583955
925.000000	0.590445
926.000000	0.593758
927.000000	0.593881
928.000000	0.598690
929.000000	0.599295
930.000000	0.596503
931.000000	0.595873
932.000000	0.594383
933.000000	0.595347
934.000000	0.593195
935.000000	0.598451
936.000000	0.602912
937.000000	0.600722
938.000000	0.606908
939.000000	0.603415
940.000000	0.606813
941.000000	0.608032
942.000000	0.608075
943.000000	0.611140
944.000000	0.612071
945.000000	0.612536
946.000000	0.609665
947.000000	0.608381
948.000000	0.608291
949.000000	0.611062
950.000000	0.608888
951.000000	0.605388
952.000000	0.606795
953.000000	0.609523
954.000000	0.612403
955.000000	0.618543
956.000000	0.616338
957.000000	0.613723
958.000000	0.609939
959.000000	0.611411
960.000000	0.614042
961.000000	0.614748
962.000000	0.611945
963.000000	0.607818
964.000000	0.611893
965.000000	0.617238
966.000000	0.619920
967.000000	0.617975
968.000000	0.618933
969.000000	0.618989
970.000000	0.620568
971.000000	0.626502
972.000000	0.624306
973.000000	0.623793
974.000000	0.626132
975.000000	0.624836
976.000000	0.622116
977.000000	0.623316
978.000000	0.625404
979.000000	0.628554
980.000000	0.630339
981.000000	0.628153
982.000000	0.623858
983.000000	0.620832
984.000000	0.623169
985.000000	0.619960
986.000000	0.624018
987.000000	0.623089
988.000000	0.621159
989.000000	0.625922
990.000000	0.631580
991.000000	0.624965
992.000000	0.629921
993.000000	0.634260
994.000000	0.638956
995.000000	0.638785
996.000000	0.641793
997.000000	0.643055
998.000000	0.641834
999.000000	0.645753
