# Time (ps)	MSD (nm^2)
1.000000	0.000000
2.000000	0.005744
3.000000	0.008925
4.000000	0.010818
5.000000	0.012065
6.000000	0.013429
7.000000	0.014296
8.000000	0.015901
9.000000	0.018497
10.000000	0.019332
11.000000	0.021578
12.000000	0.022021
13.000000	0.021509
14.000000	0.022584
15.000000	0.024949
16.000000	0.026052
17.000000	0.027050
18.000000	0.028431
19.000000	0.029562
20.000000	0.029856
21.000000	0.031810
22.000000	0.032817
23.000000	0.032251
24.000000	0.033389
25.000000	0.033497
26.000000	0.035268
27.000000	0.035681
28.000000	0.037123
29.000000	0.037363
30.000000	0.037976
31.000000	0.039484
32.000000	0.040434
33.000000	0.042188
34.000000	0.042793
35.000000	0.043440
36.000000	0.043879
37.000000	0.045426
38.000000	0.045388
39.000000	0.047323
40.000000	0.049225
41.000000	0.050262
42.000000	0.051771
43.000000	0.051653
44.000000	0.051471
45.000000	0.052633
46.000000	0.052764
47.000000	0.055109
48.000000	0.055105
49.000000	0.056872
50.000000	0.059255
51.000000	0.059666
52.000000	0.059376
53.000000	0.058667
54.000000	0.058807
55.000000	0.061369
56.000000	0.062480
57.000000	0.063674
58.000000	0.063801
59.000000	0.064076
60.000000	0.064839
61.000000	0.065859
62.000000	0.067817
63.000000	0.069936
64.000000	0.069976
65.000000	0.070099
66.000000	0.071834
67.000000	0.071466
68.000000	0.071058
69.000000	0.073918
70.000000	0.075335
71.000000	0.074532
72.000000	0.074332
73.000000	0.074749
74.000000	0.076548
75.000000	0.079014
76.000000	0.079256
77.000000	0.079954
78.000000	0.081616
79.000000	0.080455
80.000000	0.082090
81.000000	0.082392
82.000000	0.084106
83.000000	0.084938
84.000000	0.085762
85.000000	0.086066
86.000000	0.085436
87.000000	0.086153
88.000000	0.087562
89.000000	0.087799
90.000000	0.088879
91.000000	0.091278
92.000000	0.094319
93.000000	0.092135
94.000000	0.092220
95.000000	0.092356
96.000000	0.095255
97.000000	0.096862
98.000000	0.097297
99.000000	0.097338
100.000000	0.098038
101.000000	0.098587
102.000000	0.099098
103.000000	0.099668
104.000000	0.102142
105.000000	0.100535
106.000000	0.101376
107.000000	0.101535
108.000000	0.102175
109.000000	0.103924
110.000000	0.106373
111.000000	0.107411
112.000000	0.107611
113.000000	0.109876
114.000000	0.112229
115.000000	0.113387
116.000000	0.113520
117.000000	0.114279
118.000000	0.116219
119.000000	0.113852
120.000000	0.115361
121.000000	0.116656
122.000000	0.119136
123.000000	0.119759
124.000000	0.117931
125.000000	0.116546
126.000000	0.116468
127.000000	0.117256
128.000000	0.120215
129.000000	0.122490
130.000000	0.124561
131.000000	0.124195
132.000000	0.123412
133.000000	0.124161
134.000000	0.125165
135.000000	0.125704
136.000000	0.126273
137.000000	0.126032
138.000000	0.126508
139.000000	0.127636
140.000000	0.128636
141.000000	0.127164
142.000000	0.128552
143.000000	0.129286
144.000000	0.130234
145.000000	0.128943
146.000000	0.128971
147.000000	0.131491
148.000000	0.130658
149.000000	0.131194
150.000000	0.131231
151.000000	0.132964
152.000000	0.135157
153.000000	0.133935
154.000000	0.135983
155.000000	0.134428
156.000000	0.135484
157.000000	0.138980
158.000000	0.136461
159.000000	0.136263
160.000000	0.138212
161.000000	0.139755
162.000000	0.141155
163.000000	0.142198
164.000000	0.142494
165.000000	0.143449
166.000000	0.142245
167.000000	0.142846
168.000000	0.145951
169.000000	0.145594
170.000000	0.145885
171.000000	0.146803
172.000000	0.148692
173.000000	0.149034
174.000000	0.148961
175.000000	0.151163
176.000000	0.151489
177.000000	0.152560
178.000000	0.153814
179.000000	0.155307
180.000000	0.156650
181.000000	0.155565
182.000000	0.155784
183.000000	0.156262
184.000000	0.157712
185.000000	0.160278
186.000000	0.159121
187.000000	0.159458
188.000000	0.159325
189.000000	0.163076
190.000000	0.163550
191.000000	0.164004
192.000000	0.166463
193.000000	0.169342
194.000000	0.171850
195.000000	0.173869
196.000000	0.174090
197.000000	0.174364
198.000000	0.179063
199.000000	0.178152
200.000000	0.179325
201.000000	0.180774
202.000000	0.181257
203.000000	0.183249
204.000000	0.184699
205.000000	0.187534
206.000000	0.186577
207.000000	0.186487
208.000000	0.186483
209.000000	0.186530
210.000000	0.189720
211.000000	0.188636
212.000000	0.191326
213.000000	0.191960
214.000000	0.190645
215.000000	0.191846
216.000000	0.190247
217.000000	0.190899
218.000000	0.191744
219.000000	0.191159
220.000000	0.190282
221.000000	0.191076
222.000000	0.195198
223.000000	0.198179
224.000000	0.197281
225.000000	0.196829
226.000000	0.198755
227.000000	0.200580
228.000000	0.201552
229.000000	0.203971
230.000000	0.205510
231.000000	0.205780
232.000000	0.207090
233.000000	0.208929
234.000000	0.208883
235.000000	0.209722
236.000000	0.211787
237.000000	0.213618
238.000000	0.212157
239.000000	0.208539
240.000000	0.208347
241.000000	0.209722
242.000000	0.211061
243.000000	0.214392
244.000000	0.216951
245.000000	0.219308
246.000000	0.219898
247.000000	0.220916
248.000000	0.224615
249.000000	0.225209
250.000000	0.227747
251.000000	0.228046
252.000000	0.227887
253.000000	0.227746
254.000000	0.230123
255.000000	0.230670
256.000000	0.230475
257.000000	0.231524
258.000000	0.233749
259.000000	0.234356
260.000000	0.234961
261.000000	0.232740
262.000000	0.234177
263.000000	0.233106
264.000000	0.233756
265.000000	0.237348
266.000000	0.238118
267.000000	0.240901
268.000000	0.241833
269.000000	0.240760
270.000000	0.242149
271.000000	0.238834
272.000000	0.239252
273.000000	0.241917
274.000000	0.244947
275.000000	0.245009
276.000000	0.244524
277.000000	0.244189
278.000000	0.242664
279.000000	0.243346
280.000000	0.243120
281.000000	0.245078
282.000000	0.249286
283.000000	0.252775
284.000000	0.252964
285.000000	0.253137
286.000000	0.251872
287.000000	0.255949
288.000000	0.260704
289.000000	0.260849
290.000000	0.259565
291.000000	0.260376
292.000000	0.263888
293.000000	0.261681
294.000000	0.260649
295.000000	0.262112
296.000000	0.262050
297.000000	0.263293
298.000000	0.262499
299.000000	0.266006
300.000000	0.266117
301.000000	0.269833
302.000000	0.272017
303.000000	0.272478
304.000000	0.275073
305.000000	0.274248
306.000000	0.273784
307.000000	0.274039
308.000000	0.272372
309.000000	0.272598
310.000000	0.277463
311.000000	0.274913
312.000000	0.277186
313.000000	0.278261
314.000000	0.279690
315.000000	0.275454
316.000000	0.276682
317.000000	0.278689
318.000000	0.279074
319.000000	0.283160
320.000000	0.284790
321.000000	0.287473
322.000000	0.289787
323.000000	0.293630
324.000000	0.297314
325.000000	0.296234
326.000000	0.295113
327.000000	0.294484
328.000000	0.297504
329.000000	0.296199
330.000000	0.297242
331.000000	0.295251
332.000000	0.294644
333.000000	0.295810
334.000000	0.296407
335.000000	0.295180
336.000000	0.296875
337.000000	0.297841
338.000000	0.300663
339.000000	0.302057
340.000000	0.301340
341.000000	0.302302
342.000000	0.300671
343.000000	0.297977
344.000000	0.296695
345.000000	0.298934
346.000000	0.297021
347.000000	0.296078
348.000000	0.301176
349.000000	0.297505
350.000000	0.297136
351.000000	0.299314
352.000000	0.301747
353.000000	0.303083
354.000000	0.306681
355.000000	0.307760
356.000000	0.307771
357.000000	0.308462
358.000000	0.311318
359.000000	0.312084
360.000000	0.312218
361.000000	0.314126
362.000000	0.314249
363.000000	0.314107
364.000000	0.314168
365.000000	0.316177
366.000000	0.316977
367.000000	0.319077
368.000000	0.320093
369.000000	0.322553
370.000000	0.323549
371.000000	0.323992
372.000000	0.325583
373.000000	0.326588
374.000000	0.329632
375.000000	0.332879
376.000000	0.329709
377.000000	0.327921
378.000000	0.328786
379.000000	0.331809
380.000000	0.332134
381.000000	0.335273
382.000000	0.340127
383.000000	0.337523
384.000000	0.339989
385.000000	0.340375
386.000000	0.338864
387.000000	0.336486
388.000000	0.338241
389.000000	0.338214
390.000000	0.336639
391.000000	0.337956
392.000000	0.335586
393.000000	0.338299
394.000000	0.341641
395.000000	0.343018
396.000000	0.345551
397.000000	0.347084
398.000000	0.345408
399.000000	0.348612
400.000000	0.348403
401.000000	0.348521
402.000000	0.351336
403.000000	0.353329
404.000000	0.352866
405.000000	0.355237
406.000000	0.354788
407.000000	0.356437
408.000000	0.355614
409.000000	0.358343
410.000000	0.357419
411.000000	0.360667
412.000000	0.359166
413.000000	0.359055
414.000000	0.357032
415.000000	0.357817
416.000000	0.362306
417.000000	0.368970
418.000000	0.367342
419.000000	0.363201
420.000000	0.361644
421.000000	0.361520
422.000000	0.360719
423.000000	0.361603
424.000000	0.361896
425.000000	0.362904
426.000000	0.365984
427.000000	0.367618
428.000000	0.371163
429.000000	0.373770
430.000000	0.372222
431.000000	0.371653
432.000000	0.371873
433.000000	0.371844
434.000000	0.371410
435.000000	0.371307
436.000000	0.372928
437.000000	0.371038
438.000000	0.373025
439.000000	0.372533
440.000000	0.369688
441.000000	0.371806
442.000000	0.366195
443.000000	0.373184
444.000000	0.375586
445.000000	0.378352
446.000000	0.381576
447.000000	0.381172
448.000000	0.378788
449.000000	0.379817
450.000000	0.379922
451.000000	0.383094
452.000000	0.382212
453.000000	0.384226
454.000000	0.385257
455.000000	0.384263
456.000000	0.388530
457.000000	0.390716
458.000000	0.391455
459.000000	0.393228
460.000000	0.390247
461.000000	0.392754
462.000000	0.390590
463.000000	0.391715
464.000000	0.390833
465.000000	0.394004
466.000000	0.394056
467.000000	0.393971
468.000000	0.396393
469.000000	0.400120
470.000000	0.400752
471.000000	0.398378
472.000000	0.398438
473.000000	0.394926
474.000000	0.394408
475.000000	0.399190
476.000000	0.401616
477.000000	0.403468
478.000000	0.402096
479.000000	0.400238
480.000000	0.403786
481.000000	0.406755
482.000000	0.409992
483.000000	0.414500
484.000000	0.417999
485.000000	0.417134
486.000000	0.421127
487.000000	0.420147
488.000000	0.422280
489.000000	0.420670
490.000000	0.424459
491.000000	0.423515
492.000000	0.425224
493.000000	0.424692
494.000000	0.427230
495.000000	0.432363
496.000000	0.429770
497.000000	0.428499
498.000000	0.433939
499.000000	0.430909
500.000000	0.433803
501.000000	0.432791
502.000000	0.430276
503.000000	0.431192
504.000000	0.430729
505.000000	0.434707
506.000000	0.436416
507.000000	0.437003
508.000000	0.441471
509.000000	0.439273
510.000000	0.440210
511.000000	0.440907
512.000000	0.441845
513.000000	0.443161
514.000000	0.444256
515.000000	0.446170
516.000000	0.452173
517.000000	0.454050
518.000000	0.452751
519.000000	0.453206
520.000000	0.449653
521.000000	0.452074
522.000000	0.448980
523.000000	0.449333
524.000000	0.451115
525.000000	0.449652
526.000000	0.452355
527.000000	0.450777
528.000000	0.452571
529.000000	0.452071
530.000000	0.454059
531.000000	0.455032
532.000000	0.456673
533.000000	0.457749
534.000000	0.458675
535.000000	0.455561
536.000000	0.456334
537.000000	0.458448
538.000000	0.461576
539.000000	0.460340
540.000000	0.464531
541.000000	0.466585
542.000000	0.469478
543.000000	0.467448
544.000000	0.467257
545.000000	0.469337
546.000000	0.466772
547.000000	0.470712
548.000000	0.475993
549.000000	0.474674
550.000000	0.470391
551.000000	0.471932
552.000000	0.473843
553.000000	0.477802
554.000000	0.472252
555.000000	0.473546
556.000000	0.474139
557.000000	0.480500
558.000000	0.482931
559.000000	0.487423
560.000000	0.483704
561.000000	0.479961
562.000000	0.482064
563.000000	0.481843
564.000000	0.484615
565.000000	0.480687
566.000000	0.481373
567.000000	0.484365
568.000000	0.492854
569.000000	0.491777
570.000000	0.489408
571.000000	0.488362
572.000000	0.489144
573.000000	0.489465
574.000000	0.489903
575.000000	0.493587
576.000000	0.497353
577.000000	0.498881
578.000000	0.499828
579.000000	0.499364
580.000000	0.495429
581.000000	0.497353
582.000000	0.498683
583.000000	0.502997
584.000000	0.506556
585.000000	0.508501
586.000000	0.509035
587.000000	0.510169
588.000000	0.514359
589.000000	0.509726
590.000000	0.507050
591.000000	0.513794
592.000000	0.512019
593.000000	0.517338
594.000000	0.518637
595.000000	0.515272
596.000000	0.513243
597.000000	0.515475
598.000000	0.517632
599.000000	0.518240
600.000000	0.517659
601.000000	0.522201
602.000000	0.525695
603.000000	0.529868
604.000000	0.532740
605.000000	0.529853
606.000000	0.527011
607.000000	0.526028
608.000000	0.527210
609.000000	0.527939
610.000000	0.527061
611.000000	0.530501
612.000000	0.528195
613.000000	0.531320
614.000000	0.531626
615.000000	0.538677
616.000000	0.538776
617.000000	0.534185
618.000000	0.534292
619.000000	0.529754
620.000000	0.535122
621.000000	0.538736
622.000000	0.535641
623.000000	0.539388
624.000000	0.538849
625.000000	0.541621
626.000000	0.539747
627.000000	0.542342
628.000000	0.545408
629.000000	0.544801
630.000000	0.543949
631.000000	0.544754
632.000000	0.546270
633.000000	0.548548
634.000000	0.547777
635.000000	0.548087
636.000000	0.549132
637.000000	0.549545
638.000000	0.545945
639.000000	0.547116
640.000000	0.556281
641.000000	0.557036
642.000000	0.558646
643.000000	0.559597
644.000000	0.562084
645.000000	0.564129
646.000000	0.567138
647.000000	0.565990
648.000000	0.563331
649.000000	0.561462
650.000000	0.563369
651.000000	0.565394
652.000000	0.568060
653.000000	0.571335
654.000000	0.570890
655.000000	0.570107
656.000000	0.570152
657.000000	0.568772
658.000000	0.564083
659.000000	0.563935
660.000000	0.561968
661.000000	0.558888
662.000000	0.560230
663.000000	0.560767
664.000000	0.568912
665.000000	0.571906
666.000000	0.572430
667.000000	0.577671
668.000000	0.580845
669.000000	0.576038
670.000000	0.574366
671.000000	0.575399
672.000000	0.574216
673.000000	0.577446
674.000000	0.575097
675.000000	0.581873
676.000000	0.581468
677.000000	0.577756
678.000000	0.573654
679.000000	0.574180
680.000000	0.572799
681.000000	0.575513
682.000000	0.577719
683.000000	0.577131
684.000000	0.583779
685.000000	0.585184
686.000000	0.586540
687.000000	0.589856
688.000000	0.588401
689.000000	0.585473
690.000000	0.584773
691.000000	0.586928
692.000000	0.588059
693.000000	0.585654
694.000000	0.584664
695.000000	0.586413
696.000000	0.584384
697.000000	0.586677
698.000000	0.592055
699.000000	0.592749
700.000000	0.592896
701.000000	0.593285
702.000000	0.594998
703.000000	0.588018
704.000000	0.582910
705.000000	0.588023
706.000000	0.591034
707.000000	0.587672
708.000000	0.592060
709.000000	0.587181
710.000000	0.591256
711.000000	0.592949
712.000000	0.588676
713.000000	0.590073
714.000000	0.593969
715.000000	0.595699
716.000000	0.596077
717.000000	0.593546
718.000000	0.592742
719.000000	0.592501
720.000000	0.592961
721.000000	0.594560
722.000000	0.600829
723.000000	0.599543
724.000000	0.599773
725.000000	0.604720
726.000000	0.605676
727.000000	0.605755
728.000000	0.606445
729.000000	0.604605
730.000000	0.606688
731.000000	0.608362
732.000000	0.608777
733.000000	0.608858
734.000000	0.609973
735.000000	0.602716
736.000000	0.606175
737.000000	0.608632
738.000000	0.608577
739.000000	0.605861
740.000000	0.610640
741.000000	0.610066
742.000000	0.611404
743.000000	0.607929
744.000000	0.613316
745.000000	0.609655
746.000000	0.608815
747.000000	0.610897
748.000000	0.611722
749.000000	0.611404
750.000000	0.615421
751.000000	0.615171
752.000000	0.616082
753.000000	0.617062
754.000000	0.620055
755.000000	0.617759
756.000000	0.620478
757.000000	0.622752
758.000000	0.622951
759.000000	0.621766
760.000000	0.619524
761.000000	0.618263
762.000000	0.621221
763.000000	0.622098
764.000000	0.624900
765.000000	0.629914
766.000000	0.634284
767.000000	0.635710
768.000000	0.632188
769.000000	0.630573
770.000000	0.630663
771.000000	0.628297
772.000000	0.631719
773.000000	0.632417
774.000000	0.632872
775.000000	0.630633
776.000000	0.634118
777.000000	0.633642
778.000000	0.634550
779.000000	0.634211
780.000000	0.635698
781.000000	0.635913
782.000000	0.639194
783.000000	0.640891
784.000000	0.643250
785.000000	0.642254
786.000000	0.643340
787.000000	0.641961
788.000000	0.649840
789.000000	0.646388
790.000000	0.644278
791.000000	0.642059
792.000000	0.642872
793.000000	0.645941
794.000000	0.646763
795.000000	0.646469
796.000000	0.649972
797.000000	0.652166
798.000000	0.650379
799.000000	0.647339
800.000000	0.647451
801.000000	0.642731
802.000000	0.645852
803.000000	0.646562
804.000000	0.647197
805.000000	0.650901
806.000000	0.651593
807.000000	0.652177
808.000000	0.656653
809.000000	0.662192
810.000000	0.657133
811.000000	0.656684
812.000000	0.654467
813.000000	0.659445
814.000000	0.660963
815.000000	0.660896
816.000000	0.658565
817.000000	0.661959
818.000000	0.660793
819.000000	0.655275
820.000000	0.661479
821.000000	0.656469
822.000000	0.662331
823.000000	0.662200
824.000000	0.666166
825.000000	0.669299
826.000000	0.666875
827.000000	0.665923
828.000000	0.662248
829.000000	0.666484
830.000000	0.670502
831.000000	0.671278
832.000000	0.669232
833.000000	0.667144
834.000000	0.673574
835.000000	0.676900
836.000000	0.678024
837.000000	0.677846
838.000000	0.676505
839.000000	0.677623
840.000000	0.679493
841.000000	0.675089
842.000000	0.672819
843.000000	0.677845
844.000000	0.674810
845.000000	0.675859
846.000000	0.680540
847.000000	0.679399
848.000000	0.681504
849.000000	0.680289
850.000000	0.684654
851.000000	0.687927
852.000000	0.686383
853.000000	0.686072
854.000000	0.687511
855.000000	0.692558
856.000000	0.697336
857.000000	0.700301
858.000000	0.704030
859.000000	0.701778
860.000000	0.697866
861.000000	0.703364
862.000000	0.706757
863.000000	0.704329
864.000000	0.708400
865.000000	0.714361
866.000000	0.715942
867.000000	0.713682
868.000000	0.704833
869.000000	0.706219
870.000000	0.708402
871.000000	0.707592
872.000000	0.709548
873.000000	0.709907
874.000000	0.711043
875.000000	0.713245
876.000000	0.712759
877.000000	0.708774
878.000000	0.710540
879.000000	0.711188
880.000000	0.712330
881.000000	0.707518
882.000000	0.705868
883.000000	0.710943
884.000000	0.709758
885.000000	0.706994
886.000000	0.705979
887.000000	0.705277
888.000000	0.705661
889.000000	0.706833
890.000000	0.710549
891.000000	0.712373
892.000000	0.710043
893.000000	0.718026
894.000000	0.716938
895.000000	0.712799
896.000000	0.714595
897.000000	0.714093
898.000000	0.712183
899.000000	0.710061
900.000000	0.709348
901.000000	0.713109
902.000000	0.717027
903.000000	0.719850
904.000000	0.723322
905.000000	0.729018
906.000000	0.727558
907.000000	0.725604
908.000000	0.724725
909.000000	0.726551
910.000000	0.725202
911.000000	0.727891
912.000000	0.728484
913.000000	0.735883
914.000000	0.736290
915.000000	0.736095
916.000000	0.735719
917.000000	0.735953
918.000000	0.733211
919.000000	0.730130
920.000000	0.729787
921.000000	0.730703
922.000000	0.737016
923.000000	0.738507
924.000000	0.745453
925.000000	0.745731
926.000000	0.749728
927.000000	0.748291
928.000000	0.746071
929.000000	0.747051
930.000000	0.745090
931.000000	0.744184
932.000000	0.748765
933.000000	0.749347
934.000000	0.756655
935.000000	0.759498
936.000000	0.760228
937.000000	0.758039
938.000000	0.762773
939.000000	0.762779
940.000000	0.755927
941.000000	0.752630
942.000000	0.754041
943.000000	0.752595
944.000000	0.758298
945.000000	0.762283
946.000000	0.757513
947.000000	0.752497
948.000000	0.758679
949.000000	0.749385
950.000000	0.747699
951.000000	0.748961
952.000000	0.756259
953.000000	0.758687
954.000000	0.761056
955.000000	0.756452
956.000000	0.753800
957.000000	0.752710
958.000000	0.754222
959.000000	0.758231
960.000000	0.754645
961.000000	0.753874
962.000000	0.759257
963.000000	0.764601
964.000000	0.768310
965.000000	0.770934
966.000000	0.771107
967.000000	0.774559
968.000000	0.769242
969.000000	0.760456
970.000000	0.763510
971.000000	0.764216
972.000000	0.766512
973.000000	0.770204
974.000000	0.774913
975.000000	0.773985
976.000000	0.776450
977.000000	0.780381
978.000000	0.779430
979.000000	0.777422
980.000000	0.776167
981.000000	0.777179
982.000000	0.775658
983.000000	0.778198
984.000000	0.783183
985.000000	0.786718
986.000000	0.781293
987.000000	0.779223
988.000000	0.777406
989.000000	0.774548
990.000000	0.777258
991.000000	0.779879
992.000000	0.785153
993.000000	0.790700
994.000000	0.791926
995.000000	0.791676
996.000000	0.791985
997.000000	0.790956
998.000000	0.786372
999.000000	0.787887
